path	1
T	4
cut	11
Partition 0	821,811,820
Partition 1	818,819,812
Partition 2	799,805,806
Partition 3	807,808,810,809
Partition 4	798,813,796
Partition 5	815,816,817
Partition 6	803,804,814
Partition 7	797,801,800,802
path	2
T	4
cut	11
Partition 0	821,811,820
Partition 1	818,819,812
Partition 2	799,805,806
Partition 3	807,808,810,809
Partition 4	798,813,796
Partition 5	814,815,816
Partition 6	803,804,817
Partition 7	797,801,800,802
path	3
T	3
cut	10
Partition 0	821,811,820
Partition 1	812,804,803
Partition 2	799,805,806
Partition 3	807,808,810,809
Partition 4	798,813,796
Partition 5	814,815,816
Partition 6	817,819,818
Partition 7	797,801,800,802
path	4
T	4
cut	11
Partition 0	821,811,820
Partition 1	818,819,812
Partition 2	799,805,806
Partition 3	807,808,810,809
Partition 4	798,813,796
Partition 5	814,815,816
Partition 6	803,804,817
Partition 7	797,801,800,802
path	5
T	3
cut	10
Partition 0	821,811,820
Partition 1	812,804,803
Partition 2	799,805,806
Partition 3	807,808,810,809
Partition 4	798,813,796
Partition 5	814,815,816
Partition 6	817,818,819
Partition 7	797,801,800,802
path	6
T	3
cut	10
Partition 0	821,811,820
Partition 1	812,803,804
Partition 2	799,805,806
Partition 3	807,808,810,809
Partition 4	798,813,796
Partition 5	814,815,816
Partition 6	817,819,818
Partition 7	797,801,800,802
path	7
T	4
cut	11
Partition 0	821,811,820
Partition 1	818,819,812
Partition 2	799,805,806
Partition 3	807,808,810,809
Partition 4	798,813,796
Partition 5	814,815,816
Partition 6	803,804,817
Partition 7	797,801,800,802
path	8
T	4
cut	11
Partition 0	821,811,820
Partition 1	818,819,812
Partition 2	799,805,806
Partition 3	807,808,810,809
Partition 4	798,813,796
Partition 5	814,815,816
Partition 6	803,804,817
Partition 7	797,801,800,802
path	9
T	4
cut	11
Partition 0	821,811,820
Partition 1	818,819,812
Partition 2	799,805,806
Partition 3	807,808,810,809
Partition 4	798,813,796
Partition 5	814,815,816
Partition 6	803,804,817
Partition 7	797,801,800,802
path	10
T	4
cut	11
Partition 0	821,811,820
Partition 1	818,819,812
Partition 2	799,805,806
Partition 3	807,808,810,809
Partition 4	798,813,796
Partition 5	814,815,816
Partition 6	803,804,817
Partition 7	797,801,800,802
