path	1
T	4
cut	11
Partition 0	803,809,804,808
Partition 1	797,807,805,806
Partition 2	801,798,796,802
Partition 3	816,800,817
Partition 4	812,813,815,819
Partition 5	810,811,814,799
Partition 6	822,818,820,821
path	2
T	4
cut	11
Partition 0	803,804,808,809
Partition 1	797,807,805,806
Partition 2	801,798,796,802
Partition 3	816,800,817
Partition 4	812,813,815,819
Partition 5	810,811,814,799
Partition 6	822,818,820,821
path	3
T	5
cut	13
Partition 0	803,808,809,804,821,822
Partition 1	797,807,805,806
Partition 2	801,798,796
Partition 3	816,800,817,813
Partition 4	812,815,819
Partition 5	810,811,814,799
Partition 6	818,820,802
path	4
T	3
cut	11
Partition 0	802,803,796
Partition 1	797,807,804,808,809
Partition 2	801,798,805,806
Partition 3	816,800,817
Partition 4	812,813,815,799
Partition 5	810,811,814
Partition 6	822,818,820,821,819
path	5
T	4
cut	11
Partition 0	803,808,804,809
Partition 1	797,807,805,806
Partition 2	801,798,796,802
Partition 3	816,800,817,819
Partition 4	812,813,815
Partition 5	810,811,814,799
Partition 6	822,818,820,821
path	6
T	4
cut	11
Partition 0	803,809,808,804
Partition 1	797,807,805,806
Partition 2	801,798,802,796
Partition 3	816,800,817
Partition 4	812,813,815,819
Partition 5	810,811,814,799
Partition 6	822,818,820,821
path	7
T	4
cut	11
Partition 0	802,803,796
Partition 1	797,807,808,804,809
Partition 2	801,798,806,805
Partition 3	816,800,817
Partition 4	812,813,815,819
Partition 5	810,811,814,799
Partition 6	822,818,820,821
path	8
T	2
cut	11
Partition 0	802,803,796
Partition 1	797,807,808,809,804
Partition 2	801,798,805,806
Partition 3	799,816,800
Partition 4	812,813,815
Partition 5	810,811,814
Partition 6	822,818,820,821,817,819
path	9
T	2
cut	11
Partition 0	803,808,809,804
Partition 1	797,807,805,806
Partition 2	801,798,802,796
Partition 3	799,816,800,817
Partition 4	812,813,815
Partition 5	810,811,814
Partition 6	822,818,820,821,819
path	10
T	4
cut	11
Partition 0	803,804,809,808
Partition 1	797,807,805,806
Partition 2	801,798,802,796
Partition 3	816,800,817,819
Partition 4	812,813,815
Partition 5	810,811,814,799
Partition 6	822,818,820,821
