path	1
T	4
cut	9
Partition 0	800,803,805,804
Partition 1	820,809,819
Partition 2	810,811,817,812,796,816,818
Partition 3	799,807,806,808
Partition 4	797,814,815
Partition 5	798,801,813,802
path	2
T	4
cut	9
Partition 0	800,803,805,804
Partition 1	820,809,819
Partition 2	810,811,817,812,796,816,818
Partition 3	799,807,806,808
Partition 4	797,814,815
Partition 5	798,801,813,802
path	3
T	3
cut	9
Partition 0	800,803,805,804
Partition 1	820,809,819
Partition 2	810,811,817,812,796,818
Partition 3	799,807,806,808
Partition 4	797,802,798,801
Partition 5	813,816,815,814
path	4
T	3
cut	9
Partition 0	800,803,805,804
Partition 1	820,809,819
Partition 2	810,811,817,812,796,818
Partition 3	799,807,806,808
Partition 4	797,798,802,801
Partition 5	813,816,814,815
path	5
T	3
cut	11
Partition 0	800,803,805,804
Partition 1	820,809,819
Partition 2	810,811,817,812,796
Partition 3	799,807,806,808
Partition 4	797,814,815
Partition 5	798,801,813,802,816,818
path	6
T	3
cut	9
Partition 0	800,803,805,804
Partition 1	820,809,819
Partition 2	810,811,817,812,796,818
Partition 3	799,807,806,808
Partition 4	797,801,802,798
Partition 5	813,816,814,815
path	7
T	3
cut	9
Partition 0	800,803,804
Partition 1	820,809,819,805
Partition 2	810,811,817,812,796,818
Partition 3	799,807,806,808
Partition 4	797,814,801,798,802
Partition 5	813,816,815
path	8
T	3
cut	10
Partition 0	800,803,805,804
Partition 1	820,809,819
Partition 2	810,811,817,812,796,818,813
Partition 3	799,807,806,808
Partition 4	814,815,816
Partition 5	798,801,802,797
path	9
T	3
cut	10
Partition 0	800,803,805,804
Partition 1	820,809,819
Partition 2	810,811,817,812,796,816,818
Partition 3	799,807,806,808
Partition 4	814,815,813
Partition 5	798,801,802,797
path	10
T	3
cut	9
Partition 0	800,803,805,804
Partition 1	820,809,819
Partition 2	810,811,817,812,796,818
Partition 3	799,807,806,808
Partition 4	797,798,802,801
Partition 5	813,816,815,814
