path	1
T	1
cut	8
Partition 0	797,800,801,810,814
Partition 1	811,812,796,813
Partition 2	806,807,808
Partition 3	817,805,815,816,809
Partition 4	799,802,803,804,798
path	2
T	2
cut	8
Partition 0	813,812,810,811
Partition 1	796,797,800,801
Partition 2	806,807,808,809
Partition 3	817,814,805,815,816
Partition 4	799,802,803,804,798
path	3
T	3
cut	9
Partition 0	797,810,805,809
Partition 1	811,812,796,801,813,800
Partition 2	806,807,808
Partition 3	817,814,815,816
Partition 4	799,802,803,804,798
path	4
T	2
cut	8
Partition 0	797,800,801,796
Partition 1	810,811,812,813
Partition 2	806,807,808,809
Partition 3	817,814,815,816
Partition 4	799,802,803,804,798,805
path	5
T	2
cut	8
Partition 0	813,811,810,812
Partition 1	796,797,800,801
Partition 2	806,807,808,809
Partition 3	817,814,805,815,816
Partition 4	799,802,803,804,798
path	6
T	3
cut	8
Partition 0	797,810,806
Partition 1	811,812,796,813,801,800
Partition 2	807,808,809
Partition 3	817,814,815,816
Partition 4	799,802,803,804,798,805
path	7
T	1
cut	9
Partition 0	813,812,796,811
Partition 1	797,800,801,814
Partition 2	806,807,808,810
Partition 3	817,805,815,816,809
Partition 4	799,802,803,804,798
path	8
T	3
cut	7
Partition 0	796,811,806
Partition 1	810,812,801,813,814,797,800
Partition 2	807,808,809
Partition 3	817,805,815,816
Partition 4	799,802,803,804,798
path	9
T	3
cut	9
Partition 0	797,800,796
Partition 1	810,811,812,801,813
Partition 2	806,807,808,809
Partition 3	817,814,805,815,816
Partition 4	799,802,803,804,798
path	10
T	2
cut	8
Partition 0	797,800,801,796
Partition 1	810,811,812,813
Partition 2	806,807,808,809
Partition 3	817,814,805,815,816
Partition 4	799,802,803,804,798
