path	1
T	NA
cut	6
Partition 0	385,382
Partition 1	379,383,384
Partition 2	387,381,388
Partition 3	380,386,378
Partition 4	389
path	2
T	NA
cut	4
Partition 0	385,381,382,388,389
Partition 1	379,383,384
Partition 2	387
Partition 3	380,386,378
path	3
T	NA
cut	6
Partition 0	385,382
Partition 1	379,383,384,387
Partition 2	381,388
Partition 3	380,386,378
Partition 5	389
path	4
T	NA
cut	6
Partition 0	385,382
Partition 1	379,383,384
Partition 3	380,386,378
Partition 5	387,381,388
Partition 6	389
path	5
T	NA
cut	6
Partition 0	385,382
Partition 1	379,383,384
Partition 2	387,381,388
Partition 3	380,386,378
Partition 4	389
