path	1
T	3
cut	10
Partition 0	807,808,809
Partition 1	798,812,813
Partition 2	815,811,814,810
Partition 3	804,802,805,803
Partition 4	800,801,806
Partition 5	796,799,797
path	2
T	3
cut	11
Partition 0	807,808,809
Partition 1	798,812,813,801
Partition 2	815,811,810
Partition 3	797,802,803
Partition 4	806,805,804
Partition 5	796,799,814,800
path	3
T	4
cut	11
Partition 0	808,809,803
Partition 1	805,804,807
Partition 2	811,810,806
Partition 3	796,800,801
Partition 4	799,797,802
Partition 5	814,813,815,812,798
path	4
T	2
cut	9
Partition 0	807,808,809
Partition 1	798,812,813
Partition 2	815,811,814,810
Partition 3	797,804,802,803
Partition 4	801,806,805
Partition 5	796,799,800
path	5
T	3
cut	9
Partition 0	807,808,809
Partition 1	803,798,812,813
Partition 2	815,811,814,810
Partition 3	797,804,802
Partition 4	800,805,796
Partition 5	806,799,801
path	6
T	2
cut	9
Partition 0	807,808,809
Partition 1	798,812,813
Partition 2	815,811,814,810
Partition 3	797,804,802,803
Partition 4	800,799,796
Partition 5	805,806,801
path	7
T	4
cut	9
Partition 0	807,808,809
Partition 1	803,798,812,813
Partition 2	815,811,810
Partition 3	797,804,802
Partition 4	805,796,814
Partition 5	806,800,801,799
path	8
T	3
cut	9
Partition 0	807,808,809
Partition 1	803,798,812,813
Partition 2	815,811,814,810
Partition 3	797,804,802
Partition 4	800,796,805
Partition 5	806,801,799
path	9
T	3
cut	9
Partition 0	807,808,809,803
Partition 1	798,812,813
Partition 2	815,811,814
Partition 3	797,804,802,805
Partition 4	801,806,810
Partition 5	796,799,800
path	10
T	3
cut	9
Partition 0	807,808,809
Partition 1	803,798,812,813
Partition 2	815,811,814,810
Partition 3	797,804,802
Partition 4	800,805,796
Partition 5	806,799,801
